100987777 5.63
100234555 10.32
100443665 3.9
100123444 8.4
101789000 7.9
100888779 9.1
100444888 11.5
101987222 2.3
100000787 7.9
101886644 4.8
100987777 5.63
100234555 10.32
100443665 3.9
100123444 8.4
101789000 7.9
100888779 9.1
100444888 11.5
101987222 2.3
100000787 7.9
101886644 4.8
100987777 5.63
100234555 10.32
100443665 3.9
100123444 8.4
101789000 7.9
100888779 9.1
100444888 11.5
101987222 2.3
100000787 7.9
101886644 4.8
100987777 5.63
100234555 10.32
100443665 3.9
100123444 8.4
101789000 7.9
100888779 9.1
100444888 11.5
101987222 2.3
100000787 7.9
101886644 4.8
-1 -1
